[General]
dt = 5000
t_max = 1e8
show_lines = 0
output_rate = 1000

limx_min = -1.7e11
limx_max = 1.501e11
limy_min = -1.7e11
limy_max = 1.7e11

[Body1]
mass = 1.9885e30
x = 0
y = 0
vx = 0
vy = 0

[Body2]
mass = 5.97219e24
x = 1.49598e11
y = 0
vx = 0
vy = 29_784.4


[Body3]
mass = 7.34767e22
x = 1.499828e11
y = 0
vx = 0
vy = 30_808.4
