[General]
dt = 500
limx_min = 1.491e11
limx_max = 1.501e11
limy_min =    -5e8
limy_max =     5e8

[Body1]
mass = 1.98892e30
x = 0
y = 0
vx = 0
vy = 0

[Body2]
mass = 5.9742e24
x = 1.496e11
y = 0
vx = 0
vy = 27_765
fixed = True

[Body3]
mass = 7.342e22
x = 1.499844e11
y = 0
vx = 0
vy = 28_788
