[General]
dt = 1000
show_lines = 0
# bool

limx_min = -1.7e11
limx_max = 1.501e11
limy_min = -1.7e11
limy_max = 1.7e11

[Body1]
mass = 1.98892e30
x = 0
y = 0
vx = 0
vy = 0

[Body2]
mass = 5.9742e24
x = 1.496e11
y = 0
vx = 0
vy = 29_780
# fixed = True

[Body3]
mass = 7.342e22
x = 1.499844e11
y = 0
vx = 0
vy = 30_802
